Title: Models of Saturn's Interior Constructed with Accelerated 
       Concentric Maclaurin Spheroid Method  
Authors: Militzer B., Wahl S., Hubbard W.B. 
Table: Original and optimized {lambda} grids for an interior model 
       with 2049 sphoeroids and r_C_ = 0.231
================================================================================
Byte-by-byte Description of file: apjab23f0t4_mrt.txt
--------------------------------------------------------------------------------
   Bytes Format Units Label       Explanations
--------------------------------------------------------------------------------
   1-  4 I4     ---   i           Spheroid index
   6- 17 F12.10 ---   Orilambda   Original grid
  19- 30 F12.10 ---   Optlambda   Optimized grid
--------------------------------------------------------------------------------
   0 1.0000000000 1.0000000000
   1 0.9999958561 0.9999966866
   2 0.9999912702 0.9999933632
   3 0.9999861950 0.9999900322
   4 0.9999805784 0.9999866932
   5 0.9999743625 0.9999833451
   6 0.9999674836 0.9999799881
   7 0.9999598708 0.9999766225
   8 0.9999514459 0.9999732483
   9 0.9999421222 0.9999698654
  10 0.9999318038 0.9999664736
  11 0.9999203846 0.9999630727
  12 0.9999077472 0.9999596633
  13 0.9998937616 0.9999562455
  14 0.9998782841 0.9999528190
  15 0.9998611553 0.9999493832
  16 0.9998421992 0.9999459381
  17 0.9998212208 0.9999424843
  18 0.9997980044 0.9999390221
  19 0.9997723113 0.9999355512
  20 0.9997438771 0.9999320713
  21 0.9997124096 0.9999285820
  22 0.9996775850 0.9999250835
  23 0.9996390453 0.9999215759
  24 0.9995963941 0.9999180594
  25 0.9995491927 0.9999145340
  26 0.9994969559 0.9999109996
  27 0.9994391463 0.9999074562
  28 0.9993751695 0.9999039035
  29 0.9993043675 0.9999003416
  30 0.9992260122 0.9998967705
  31 0.9991392978 0.9998931899
  32 0.9990433326 0.9998896000
  33 0.9989371296 0.9998860008
  34 0.9988195966 0.9998823923
  35 0.9986895251 0.9998787747
  36 0.9985455772 0.9998751479
  37 0.9983940960 0.9998715119
  38 0.9982423861 0.9998678665
  39 0.9980904474 0.9998642118
  40 0.9979382800 0.9998605474
  41 0.9977858838 0.9998568735
  42 0.9976332589 0.9998531900
  43 0.9974804052 0.9998494969
  44 0.9973273228 0.9998457943
  45 0.9971740117 0.9998420822
  46 0.9970204718 0.9998383607
  47 0.9968667031 0.9998346297
  48 0.9967127058 0.9998308891
  49 0.9965584796 0.9998271390
  50 0.9964040248 0.9998233791
  51 0.9962493411 0.9998196094
  52 0.9960944288 0.9998158300
  53 0.9959392877 0.9998120407
  54 0.9957839178 0.9998082416
  55 0.9956283192 0.9998044326
  56 0.9954724919 0.9998006139
  57 0.9953164358 0.9997967853
  58 0.9951601510 0.9997929469
  59 0.9950036374 0.9997890985
  60 0.9948468951 0.9997852403
  61 0.9946899240 0.9997813721
  62 0.9945327242 0.9997774939
  63 0.9943752957 0.9997736057
  64 0.9942176384 0.9997697074
  65 0.9940597523 0.9997657990
  66 0.9939016375 0.9997618805
  67 0.9937432940 0.9997579518
  68 0.9935847217 0.9997540130
  69 0.9934259207 0.9997500641
  70 0.9932668909 0.9997461050
  71 0.9931076324 0.9997421357
  72 0.9929481452 0.9997381562
  73 0.9927884292 0.9997341665
  74 0.9926284844 0.9997301666
  75 0.9924683110 0.9997261563
  76 0.9923079087 0.9997221357
  77 0.9921472777 0.9997181047
  78 0.9919864180 0.9997140633
  79 0.9918253296 0.9997100115
  80 0.9916640123 0.9997059492
  81 0.9915024664 0.9997018764
  82 0.9913406917 0.9996977930
  83 0.9911786882 0.9996936991
  84 0.9910164561 0.9996895946
  85 0.9908539951 0.9996854795
  86 0.9906913054 0.9996813538
  87 0.9905283870 0.9996772175
  88 0.9903652399 0.9996730705
  89 0.9902018639 0.9996689128
  90 0.9900382593 0.9996647443
  91 0.9898744259 0.9996605651
  92 0.9897103637 0.9996563752
  93 0.9895460728 0.9996521744
  94 0.9893815532 0.9996479628
  95 0.9892168048 0.9996437403
  96 0.9890518277 0.9996395069
  97 0.9888866218 0.9996352626
  98 0.9887211872 0.9996310073
  99 0.9885555239 0.9996267410
 100 0.9883896318 0.9996224638
 101 0.9882235109 0.9996181755
 102 0.9880571613 0.9996138761
 103 0.9878905830 0.9996095657
 104 0.9877237759 0.9996052441
 105 0.9875567401 0.9996009114
 106 0.9873894755 0.9995965675
 107 0.9872219822 0.9995922124
 108 0.9870542601 0.9995878460
 109 0.9868863093 0.9995834684
 110 0.9867181298 0.9995790795
 111 0.9865497215 0.9995746793
 112 0.9863810845 0.9995702678
 113 0.9862122187 0.9995658449
 114 0.9860431242 0.9995614105
 115 0.9858738009 0.9995569647
 116 0.9857042489 0.9995525075
 117 0.9855344681 0.9995480387
 118 0.9853644586 0.9995435584
 119 0.9851942203 0.9995390666
 120 0.9850237534 0.9995345631
 121 0.9848530576 0.9995300480
 122 0.9846821331 0.9995255213
 123 0.9845109799 0.9995209829
 124 0.9843395979 0.9995164329
 125 0.9841679872 0.9995118710
 126 0.9839961477 0.9995072975
 127 0.9838240795 0.9995027121
 128 0.9836517826 0.9994981149
 129 0.9834792569 0.9994935058
 130 0.9833065025 0.9994888849
 131 0.9831335193 0.9994842520
 132 0.9829603073 0.9994796072
 133 0.9827868667 0.9994749504
 134 0.9826131972 0.9994702816
 135 0.9824392991 0.9994656007
 136 0.9822651722 0.9994609078
 137 0.9820908165 0.9994562028
 138 0.9819162321 0.9994514857
 139 0.9817414190 0.9994467564
 140 0.9815663771 0.9994420150
 141 0.9813911065 0.9994372612
 142 0.9812156071 0.9994324952
 143 0.9810398790 0.9994277169
 144 0.9808639221 0.9994229263
 145 0.9806877365 0.9994181233
 146 0.9805113221 0.9994133079
 147 0.9803346790 0.9994084802
 148 0.9801578072 0.9994036399
 149 0.9799807066 0.9993987872
 150 0.9798033773 0.9993939220
 151 0.9796258192 0.9993890442
 152 0.9794480324 0.9993841538
 153 0.9792700168 0.9993792508
 154 0.9790917725 0.9993743352
 155 0.9789132994 0.9993694068
 156 0.9787345976 0.9993644657
 157 0.9785556671 0.9993595118
 158 0.9783765078 0.9993545451
 159 0.9781971198 0.9993495657
 160 0.9780175030 0.9993445734
 161 0.9778376575 0.9993395682
 162 0.9776575832 0.9993345501
 163 0.9774772802 0.9993295191
 164 0.9772967484 0.9993244751
 165 0.9771159879 0.9993194182
 166 0.9769349987 0.9993143482
 167 0.9767537807 0.9993092651
 168 0.9765723340 0.9993041689
 169 0.9763906585 0.9992990596
 170 0.9762087543 0.9992939370
 171 0.9760266213 0.9992888013
 172 0.9758442596 0.9992836523
 173 0.9756616691 0.9992784901
 174 0.9754788499 0.9992733146
 175 0.9752958020 0.9992681258
 176 0.9751125253 0.9992629236
 177 0.9749290198 0.9992577080
 178 0.9747452857 0.9992524789
 179 0.9745613227 0.9992472364
 180 0.9743771311 0.9992419804
 181 0.9741927107 0.9992367108
 182 0.9740080615 0.9992314277
 183 0.9738231836 0.9992261309
 184 0.9736380769 0.9992208204
 185 0.9734527416 0.9992154962
 186 0.9732671774 0.9992101583
 187 0.9730813845 0.9992048066
 188 0.9728953629 0.9991994410
 189 0.9727091125 0.9991940617
 190 0.9725226334 0.9991886685
 191 0.9723359256 0.9991832614
 192 0.9721489889 0.9991778403
 193 0.9719618236 0.9991724053
 194 0.9717744295 0.9991669562
 195 0.9715868067 0.9991614931
 196 0.9713989551 0.9991560159
 197 0.9712108748 0.9991505245
 198 0.9710225657 0.9991450190
 199 0.9708340279 0.9991394992
 200 0.9706452613 0.9991339651
 201 0.9704562660 0.9991284167
 202 0.9702670419 0.9991228539
 203 0.9700775891 0.9991172768
 204 0.9698879076 0.9991116854
 205 0.9696979973 0.9991060795
 206 0.9695078583 0.9991004593
 207 0.9693174905 0.9990948246
 208 0.9691268940 0.9990891754
 209 0.9689360687 0.9990835117
 210 0.9687450147 0.9990778336
 211 0.9685537320 0.9990721408
 212 0.9683622205 0.9990664336
 213 0.9681704802 0.9990607117
 214 0.9679785112 0.9990549751
 215 0.9677863135 0.9990492239
 216 0.9675938870 0.9990434579
 217 0.9674012318 0.9990376773
 218 0.9672083479 0.9990318817
 219 0.9670152351 0.9990260714
 220 0.9668218937 0.9990202460
 221 0.9666283235 0.9990144057
 222 0.9664345245 0.9990085503
 223 0.9662404969 0.9990026797
 224 0.9660462404 0.9989967939
 225 0.9658517553 0.9989908928
 226 0.9656570413 0.9989849764
 227 0.9654620987 0.9989790444
 228 0.9652669273 0.9989730969
 229 0.9650715271 0.9989671337
 230 0.9648758982 0.9989611548
 231 0.9646800406 0.9989551600
 232 0.9644839542 0.9989491493
 233 0.9642876390 0.9989431225
 234 0.9640910951 0.9989370795
 235 0.9638943225 0.9989310203
 236 0.9636973212 0.9989249450
 237 0.9635000910 0.9989188536
 238 0.9633026322 0.9989127462
 239 0.9631049446 0.9989066231
 240 0.9629070282 0.9989004842
 241 0.9627088832 0.9988943298
 242 0.9625105093 0.9988881599
 243 0.9623119067 0.9988819748
 244 0.9621130754 0.9988757745
 245 0.9619140153 0.9988695591
 246 0.9617147265 0.9988633289
 247 0.9615152090 0.9988570840
 248 0.9613154627 0.9988508245
 249 0.9611154876 0.9988445506
 250 0.9609152838 0.9988382624
 251 0.9607148513 0.9988319601
 252 0.9605141900 0.9988256439
 253 0.9603133000 0.9988193139
 254 0.9601121812 0.9988129702
 255 0.9599108337 0.9988066123
 256 0.9597092574 0.9988002396
 257 0.9595074524 0.9987938516
 258 0.9593054187 0.9987874475
 259 0.9591031562 0.9987810267
 260 0.9589006650 0.9987745886
 261 0.9586979450 0.9987681325
 262 0.9584949962 0.9987616575
 263 0.9582918188 0.9987551630
 264 0.9580884126 0.9987486483
 265 0.9578847776 0.9987421125
 266 0.9576809139 0.9987355547
 267 0.9574768214 0.9987289743
 268 0.9572725002 0.9987223702
 269 0.9570679503 0.9987157417
 270 0.9568631716 0.9987090877
 271 0.9566581642 0.9987024074
 272 0.9564529280 0.9986956998
 273 0.9562474631 0.9986889638
 274 0.9560417694 0.9986821986
 275 0.9558358470 0.9986754040
 276 0.9556296959 0.9986685799
 277 0.9554233160 0.9986617261
 278 0.9552167073 0.9986548426
 279 0.9550098700 0.9986479292
 280 0.9548028038 0.9986409857
 281 0.9545955090 0.9986340121
 282 0.9543879853 0.9986270082
 283 0.9541802330 0.9986199740
 284 0.9539722519 0.9986129092
 285 0.9537640420 0.9986058138
 286 0.9535556034 0.9985986876
 287 0.9533469361 0.9985915305
 288 0.9531380400 0.9985843424
 289 0.9529289152 0.9985771232
 290 0.9527195616 0.9985698726
 291 0.9525099793 0.9985625907
 292 0.9523001682 0.9985552772
 293 0.9520901284 0.9985479319
 294 0.9518798598 0.9985405550
 295 0.9516693625 0.9985331466
 296 0.9514586365 0.9985257074
 297 0.9512476817 0.9985182382
 298 0.9510364982 0.9985107396
 299 0.9508250859 0.9985032125
 300 0.9506134449 0.9984956575
 301 0.9504015751 0.9984880755
 302 0.9501894766 0.9984804673
 303 0.9499771493 0.9984728337
 304 0.9497645933 0.9984651757
 305 0.9495518086 0.9984574941
 306 0.9493387951 0.9984497899
 307 0.9491255529 0.9984420640
 308 0.9489120819 0.9984343174
 309 0.9486983822 0.9984265513
 310 0.9484844537 0.9984187665
 311 0.9482702965 0.9984109643
 312 0.9480559105 0.9984031458
 313 0.9478412958 0.9983953120
 314 0.9476264524 0.9983874642
 315 0.9474113802 0.9983796024
 316 0.9471960792 0.9983717265
 317 0.9469805496 0.9983638363
 318 0.9467647911 0.9983559315
 319 0.9465488040 0.9983480120
 320 0.9463325881 0.9983400776
 321 0.9461161434 0.9983321279
 322 0.9458994700 0.9983241628
 323 0.9456825678 0.9983161820
 324 0.9454654370 0.9983081853
 325 0.9452480773 0.9983001723
 326 0.9450304889 0.9982921428
 327 0.9448126718 0.9982840965
 328 0.9445946259 0.9982760330
 329 0.9443763513 0.9982679522
 330 0.9441578480 0.9982598535
 331 0.9439391159 0.9982517368
 332 0.9437201550 0.9982436016
 333 0.9435009654 0.9982354476
 334 0.9432815471 0.9982272747
 335 0.9430619000 0.9982190829
 336 0.9428420242 0.9982108722
 337 0.9426219196 0.9982026426
 338 0.9424015863 0.9981943940
 339 0.9421810242 0.9981861266
 340 0.9419602334 0.9981778401
 341 0.9417392139 0.9981695348
 342 0.9415179656 0.9981612104
 343 0.9412964885 0.9981528670
 344 0.9410747827 0.9981445046
 345 0.9408528482 0.9981361232
 346 0.9406306849 0.9981277227
 347 0.9404082929 0.9981193031
 348 0.9401856722 0.9981108643
 349 0.9399628227 0.9981024064
 350 0.9397397444 0.9980939293
 351 0.9395164374 0.9980854329
 352 0.9392929017 0.9980769173
 353 0.9390691372 0.9980683826
 354 0.9388451440 0.9980598287
 355 0.9386209220 0.9980512558
 356 0.9383964713 0.9980426638
 357 0.9381717918 0.9980340530
 358 0.9379468836 0.9980254232
 359 0.9377217466 0.9980167746
 360 0.9374963809 0.9980081072
 361 0.9372707865 0.9979994211
 362 0.9370449633 0.9979907163
 363 0.9368189114 0.9979819930
 364 0.9365926307 0.9979732510
 365 0.9363661213 0.9979644906
 366 0.9361393831 0.9979557118
 367 0.9359124162 0.9979469145
 368 0.9356852205 0.9979380989
 369 0.9354577961 0.9979292650
 370 0.9352301430 0.9979204127
 371 0.9350022611 0.9979115420
 372 0.9347741505 0.9979026526
 373 0.9345458111 0.9978937445
 374 0.9343172430 0.9978848176
 375 0.9340884461 0.9978758717
 376 0.9338594205 0.9978669066
 377 0.9336301661 0.9978579224
 378 0.9334006830 0.9978489187
 379 0.9331709712 0.9978398955
 380 0.9329410306 0.9978308525
 381 0.9327108613 0.9978217897
 382 0.9324804632 0.9978127068
 383 0.9322498364 0.9978036037
 384 0.9320189808 0.9977944801
 385 0.9317878965 0.9977853359
 386 0.9315565834 0.9977761708
 387 0.9313250416 0.9977669847
 388 0.9310932711 0.9977577774
 389 0.9308612718 0.9977485487
 390 0.9306290438 0.9977392984
 391 0.9303965870 0.9977300263
 392 0.9301639015 0.9977207321
 393 0.9299309872 0.9977114157
 394 0.9296978442 0.9977020769
 395 0.9294644724 0.9976927153
 396 0.9292308719 0.9976833307
 397 0.9289970427 0.9976739229
 398 0.9287629847 0.9976644916
 399 0.9285286979 0.9976550365
 400 0.9282941825 0.9976455573
 401 0.9280594382 0.9976360537
 402 0.9278244653 0.9976265255
 403 0.9275892635 0.9976169725
 404 0.9273538331 0.9976073948
 405 0.9271181739 0.9975977924
 406 0.9268822859 0.9975881653
 407 0.9266461692 0.9975785134
 408 0.9264098238 0.9975688370
 409 0.9261732496 0.9975591358
 410 0.9259364467 0.9975494101
 411 0.9256994150 0.9975396597
 412 0.9254621546 0.9975298848
 413 0.9252246654 0.9975200852
 414 0.9249869475 0.9975102611
 415 0.9247490009 0.9975004125
 416 0.9245108255 0.9974905394
 417 0.9242724213 0.9974806417
 418 0.9240337885 0.9974707196
 419 0.9237949268 0.9974607731
 420 0.9235558365 0.9974508024
 421 0.9233165173 0.9974408078
 422 0.9230769695 0.9974307893
 423 0.9228371929 0.9974207472
 424 0.9225971875 0.9974106816
 425 0.9223569534 0.9974005927
 426 0.9221164906 0.9973904807
 427 0.9218757990 0.9973803458
 428 0.9216348787 0.9973701883
 429 0.9213937296 0.9973600082
 430 0.9211523518 0.9973498059
 431 0.9209107452 0.9973395815
 432 0.9206689099 0.9973293353
 433 0.9204268458 0.9973190674
 434 0.9201845530 0.9973087779
 435 0.9199420315 0.9972984668
 436 0.9196992812 0.9972881340
 437 0.9194563022 0.9972777795
 438 0.9192130944 0.9972674033
 439 0.9189696579 0.9972570053
 440 0.9187259926 0.9972465855
 441 0.9184820986 0.9972361438
 442 0.9182379759 0.9972256802
 443 0.9179936244 0.9972151946
 444 0.9177490441 0.9972046870
 445 0.9175042351 0.9971941573
 446 0.9172591974 0.9971836053
 447 0.9170139309 0.9971730312
 448 0.9167684357 0.9971624346
 449 0.9165227117 0.9971518156
 450 0.9162767590 0.9971411739
 451 0.9160305776 0.9971305094
 452 0.9157841674 0.9971198219
 453 0.9155375284 0.9971091111
 454 0.9152906607 0.9970983770
 455 0.9150435643 0.9970876193
 456 0.9147962391 0.9970768378
 457 0.9145486852 0.9970660323
 458 0.9143009025 0.9970552025
 459 0.9140528911 0.9970443482
 460 0.9138046509 0.9970334692
 461 0.9135561820 0.9970225652
 462 0.9133074844 0.9970116359
 463 0.9130585580 0.9970006812
 464 0.9128094029 0.9969897010
 465 0.9125600190 0.9969786952
 466 0.9123104064 0.9969676635
 467 0.9120605650 0.9969566060
 468 0.9118104949 0.9969455224
 469 0.9115601960 0.9969344126
 470 0.9113096684 0.9969232765
 471 0.9110589121 0.9969121139
 472 0.9108079270 0.9969009246
 473 0.9105567131 0.9968897084
 474 0.9103052706 0.9968784652
 475 0.9100535992 0.9968671949
 476 0.9098016992 0.9968558971
 477 0.9095495703 0.9968445721
 478 0.9092972128 0.9968332199
 479 0.9090446265 0.9968218406
 480 0.9087918114 0.9968104345
 481 0.9085387676 0.9967990016
 482 0.9082854951 0.9967875421
 483 0.9080319938 0.9967760561
 484 0.9077782638 0.9967645437
 485 0.9075243050 0.9967530052
 486 0.9072701175 0.9967414406
 487 0.9070157012 0.9967298501
 488 0.9067610562 0.9967182338
 489 0.9065061825 0.9967065920
 490 0.9062510800 0.9966949246
 491 0.9059957487 0.9966832318
 492 0.9057401888 0.9966715134
 493 0.9054844000 0.9966597695
 494 0.9052283826 0.9966480002
 495 0.9049721363 0.9966362053
 496 0.9047156614 0.9966243850
 497 0.9044589577 0.9966125391
 498 0.9042020252 0.9966006677
 499 0.9039448640 0.9965887707
 500 0.9036874741 0.9965768482
 501 0.9034298554 0.9965649001
 502 0.9031720080 0.9965529264
 503 0.9029139318 0.9965409271
 504 0.9026556269 0.9965289021
 505 0.9023970932 0.9965168514
 506 0.9021383308 0.9965047750
 507 0.9018793396 0.9964926728
 508 0.9016201197 0.9964805448
 509 0.9013606711 0.9964683909
 510 0.9011009937 0.9964562110
 511 0.9008410876 0.9964440052
 512 0.9005809527 0.9964317733
 513 0.9003205891 0.9964195153
 514 0.9000599967 0.9964072312
 515 0.8997991756 0.9963949207
 516 0.8995381257 0.9963825838
 517 0.8992768471 0.9963702203
 518 0.8990153398 0.9963578301
 519 0.8987536037 0.9963454129
 520 0.8984916389 0.9963329686
 521 0.8982294453 0.9963204970
 522 0.8979670230 0.9963079978
 523 0.8977043719 0.9962954708
 524 0.8974414921 0.9962829159
 525 0.8971783835 0.9962703327
 526 0.8969150462 0.9962577211
 527 0.8966514802 0.9962450807
 528 0.8963876854 0.9962324115
 529 0.8961236619 0.9962197133
 530 0.8958594096 0.9962069862
 531 0.8955949286 0.9961942302
 532 0.8953302188 0.9961814453
 533 0.8950652803 0.9961686315
 534 0.8948001130 0.9961557888
 535 0.8945347170 0.9961429171
 536 0.8942690923 0.9961300164
 537 0.8940032388 0.9961170868
 538 0.8937371566 0.9961041282
 539 0.8934708456 0.9960911405
 540 0.8932043058 0.9960781239
 541 0.8929375374 0.9960650781
 542 0.8926705402 0.9960520034
 543 0.8924033142 0.9960388996
 544 0.8921358595 0.9960257667
 545 0.8918681761 0.9960126048
 546 0.8916002639 0.9959994137
 547 0.8913321229 0.9959861937
 548 0.8910637532 0.9959729444
 549 0.8907951548 0.9959596661
 550 0.8905263276 0.9959463586
 551 0.8902572717 0.9959330219
 552 0.8899879871 0.9959196560
 553 0.8897184737 0.9959062607
 554 0.8894487315 0.9958928359
 555 0.8891787606 0.9958793816
 556 0.8889085610 0.9958658976
 557 0.8886381326 0.9958523838
 558 0.8883674755 0.9958388401
 559 0.8880965896 0.9958252663
 560 0.8878254750 0.9958116623
 561 0.8875541316 0.9957980279
 562 0.8872825595 0.9957843630
 563 0.8870107587 0.9957706674
 564 0.8867387291 0.9957569410
 565 0.8864664707 0.9957431837
 566 0.8861939836 0.9957293955
 567 0.8859212678 0.9957155761
 568 0.8856483232 0.9957017256
 569 0.8853751499 0.9956878438
 570 0.8851017479 0.9956739305
 571 0.8848281170 0.9956599857
 572 0.8845542575 0.9956460092
 573 0.8842801692 0.9956320008
 574 0.8840058522 0.9956179605
 575 0.8837313064 0.9956038880
 576 0.8834565318 0.9955897834
 577 0.8831815286 0.9955756463
 578 0.8829062965 0.9955614768
 579 0.8826308358 0.9955472747
 580 0.8823551463 0.9955330399
 581 0.8820792280 0.9955187721
 582 0.8818030810 0.9955044713
 583 0.8815267053 0.9954901372
 584 0.8812501008 0.9954757697
 585 0.8809732676 0.9954613687
 586 0.8806962056 0.9954469341
 587 0.8804189149 0.9954324659
 588 0.8801413954 0.9954179641
 589 0.8798636472 0.9954034288
 590 0.8795856702 0.9953888599
 591 0.8793074645 0.9953742575
 592 0.8790290301 0.9953596215
 593 0.8787503669 0.9953449521
 594 0.8784714750 0.9953302491
 595 0.8781923543 0.9953155126
 596 0.8779130049 0.9953007426
 597 0.8776334267 0.9952859392
 598 0.8773536198 0.9952711027
 599 0.8770735841 0.9952562333
 600 0.8767933197 0.9952413311
 601 0.8765128266 0.9952263963
 602 0.8762321047 0.9952114291
 603 0.8759511540 0.9951964297
 604 0.8756699747 0.9951813984
 605 0.8753885665 0.9951663352
 606 0.8751069297 0.9951512405
 607 0.8748250641 0.9951361142
 608 0.8745429697 0.9951209564
 609 0.8742606466 0.9951057670
 610 0.8739780948 0.9950905459
 611 0.8736953142 0.9950752931
 612 0.8734123048 0.9950600085
 613 0.8731290667 0.9950446920
 614 0.8728455999 0.9950293436
 615 0.8725619044 0.9950139632
 616 0.8722779800 0.9949985506
 617 0.8719938270 0.9949831057
 618 0.8717094452 0.9949676285
 619 0.8714248346 0.9949521186
 620 0.8711399953 0.9949365760
 621 0.8708549273 0.9949210003
 622 0.8705696305 0.9949053915
 623 0.8702841050 0.9948897492
 624 0.8699983507 0.9948740733
 625 0.8697123677 0.9948583635
 626 0.8694261559 0.9948426196
 627 0.8691397154 0.9948268413
 628 0.8688530462 0.9948110283
 629 0.8685661482 0.9947951804
 630 0.8682790214 0.9947792974
 631 0.8679916660 0.9947633789
 632 0.8677040817 0.9947474248
 633 0.8674162688 0.9947314345
 634 0.8671282270 0.9947154080
 635 0.8668399566 0.9946993448
 636 0.8665514574 0.9946832446
 637 0.8662627294 0.9946671070
 638 0.8659737727 0.9946509319
 639 0.8656845873 0.9946347190
 640 0.8653951731 0.9946184679
 641 0.8651055302 0.9946021783
 642 0.8648156585 0.9945858500
 643 0.8645255581 0.9945694827
 644 0.8642352289 0.9945530759
 645 0.8639446710 0.9945366293
 646 0.8636538844 0.9945201427
 647 0.8633628690 0.9945036157
 648 0.8630716248 0.9944870483
 649 0.8627801519 0.9944704404
 650 0.8624884503 0.9944537918
 651 0.8621965199 0.9944371023
 652 0.8619043608 0.9944203719
 653 0.8616119729 0.9944036003
 654 0.8613193563 0.9943867874
 655 0.8610265110 0.9943699330
 656 0.8607334369 0.9943530371
 657 0.8604401340 0.9943361000
 658 0.8601466025 0.9943191219
 659 0.8598528421 0.9943021030
 660 0.8595588530 0.9942850438
 661 0.8592646352 0.9942679443
 662 0.8589701887 0.9942508050
 663 0.8586755133 0.9942336262
 664 0.8583806093 0.9942164081
 665 0.8580854765 0.9941991510
 666 0.8577901149 0.9941818549
 667 0.8574945247 0.9941645201
 668 0.8571987056 0.9941471464
 669 0.8569026578 0.9941297341
 670 0.8566063813 0.9941122830
 671 0.8563098761 0.9940947934
 672 0.8560131420 0.9940772652
 673 0.8557161793 0.9940596984
 674 0.8554189878 0.9940420932
 675 0.8551215675 0.9940244495
 676 0.8548239185 0.9940067673
 677 0.8545260408 0.9939890465
 678 0.8542279343 0.9939712871
 679 0.8539295991 0.9939534891
 680 0.8536310351 0.9939356523
 681 0.8533322424 0.9939177767
 682 0.8530332210 0.9938998623
 683 0.8527339708 0.9938819089
 684 0.8524344918 0.9938639165
 685 0.8521347841 0.9938458848
 686 0.8518348477 0.9938278138
 687 0.8515346825 0.9938097031
 688 0.8512342886 0.9937915527
 689 0.8509336659 0.9937733624
 690 0.8506328145 0.9937551319
 691 0.8503317343 0.9937368610
 692 0.8500304254 0.9937185495
 693 0.8497288878 0.9937001972
 694 0.8494271214 0.9936818038
 695 0.8491251263 0.9936633692
 696 0.8488229024 0.9936448930
 697 0.8485204497 0.9936263750
 698 0.8482177684 0.9936078149
 699 0.8479148583 0.9935892124
 700 0.8476117194 0.9935705672
 701 0.8473083518 0.9935518790
 702 0.8470047554 0.9935331474
 703 0.8467009303 0.9935143722
 704 0.8463968765 0.9934955529
 705 0.8460925939 0.9934766892
 706 0.8457880826 0.9934577806
 707 0.8454833425 0.9934388268
 708 0.8451783737 0.9934198273
 709 0.8448731761 0.9934007819
 710 0.8445677498 0.9933816904
 711 0.8442620948 0.9933625526
 712 0.8439562110 0.9933433684
 713 0.8436500984 0.9933241378
 714 0.8433437572 0.9933048604
 715 0.8430371871 0.9932855363
 716 0.8427303884 0.9932661652
 717 0.8424233608 0.9932467470
 718 0.8421161046 0.9932272819
 719 0.8418086196 0.9932077702
 720 0.8415009058 0.9931882122
 721 0.8411929633 0.9931686081
 722 0.8408847921 0.9931489583
 723 0.8405763921 0.9931292631
 724 0.8402677634 0.9931095226
 725 0.8399589059 0.9930897373
 726 0.8396498197 0.9930699073
 727 0.8393405047 0.9930500325
 728 0.8390309610 0.9930301131
 729 0.8387211885 0.9930101491
 730 0.8384111873 0.9929901406
 731 0.8381009574 0.9929700876
 732 0.8377904987 0.9929499901
 733 0.8374798113 0.9929298483
 734 0.8371688951 0.9929096621
 735 0.8368577502 0.9928894315
 736 0.8365463765 0.9928691564
 737 0.8362347741 0.9928488368
 738 0.8359229429 0.9928284726
 739 0.8356108830 0.9928080639
 740 0.8352985944 0.9927876105
 741 0.8349860770 0.9927671124
 742 0.8346733309 0.9927465694
 743 0.8343603560 0.9927259814
 744 0.8340471524 0.9927053483
 745 0.8337337200 0.9926846698
 746 0.8334200589 0.9926639459
 747 0.8331061690 0.9926431763
 748 0.8327920504 0.9926223609
 749 0.8324777031 0.9926014994
 750 0.8321631270 0.9925805916
 751 0.8318483222 0.9925596373
 752 0.8315332886 0.9925386361
 753 0.8312180263 0.9925175879
 754 0.8309025352 0.9924964923
 755 0.8305868154 0.9924753490
 756 0.8302708668 0.9924541577
 757 0.8299546895 0.9924329181
 758 0.8296382835 0.9924116299
 759 0.8293216487 0.9923902928
 760 0.8290047851 0.9923689065
 761 0.8286876929 0.9923474705
 762 0.8283703718 0.9923259847
 763 0.8280528221 0.9923044486
 764 0.8277350435 0.9922828617
 765 0.8274170363 0.9922612237
 766 0.8270988003 0.9922395342
 767 0.8267803355 0.9922177926
 768 0.8264616420 0.9921959985
 769 0.8261427198 0.9921741513
 770 0.8258235688 0.9921522505
 771 0.8255041891 0.9921302957
 772 0.8251845806 0.9921082866
 773 0.8248647434 0.9920862230
 774 0.8245446774 0.9920641049
 775 0.8242243827 0.9920419322
 776 0.8239038593 0.9920197047
 777 0.8235831071 0.9919974223
 778 0.8232621262 0.9919750849
 779 0.8229409165 0.9919526926
 780 0.8226194780 0.9919302455
 781 0.8222978109 0.9919077441
 782 0.8219759149 0.9918851886
 783 0.8216537903 0.9918625793
 784 0.8213314369 0.9918399166
 785 0.8210088547 0.9918172006
 786 0.8206860438 0.9917944317
 787 0.8203630042 0.9917716100
 788 0.8200397358 0.9917487354
 789 0.8197162387 0.9917258081
 790 0.8193925128 0.9917028282
 791 0.8190685582 0.9916797956
 792 0.8187443748 0.9916567104
 793 0.8184199627 0.9916335728
 794 0.8180953219 0.9916103826
 795 0.8177704523 0.9915871398
 796 0.8174453539 0.9915638445
 797 0.8171200268 0.9915404965
 798 0.8167944710 0.9915170959
 799 0.8164686864 0.9914936426
 800 0.8161426731 0.9914701366
 801 0.8158164310 0.9914465776
 802 0.8154899602 0.9914229656
 803 0.8151632607 0.9913993004
 804 0.8148363324 0.9913755818
 805 0.8145091753 0.9913518096
 806 0.8141817895 0.9913279836
 807 0.8138541750 0.9913041037
 808 0.8135263317 0.9912801695
 809 0.8131982597 0.9912561808
 810 0.8128699589 0.9912321373
 811 0.8125414294 0.9912080387
 812 0.8122126712 0.9911838846
 813 0.8118836842 0.9911596748
 814 0.8115544684 0.9911354089
 815 0.8112250239 0.9911110865
 816 0.8108953507 0.9910867072
 817 0.8105654487 0.9910622705
 818 0.8102353180 0.9910377761
 819 0.8099049585 0.9910132234
 820 0.8095743703 0.9909886120
 821 0.8092435534 0.9909639415
 822 0.8089125077 0.9909392113
 823 0.8085812332 0.9909144211
 824 0.8082497300 0.9908895701
 825 0.8079179981 0.9908646581
 826 0.8075860374 0.9908396843
 827 0.8072538480 0.9908146482
 828 0.8069214298 0.9907895491
 829 0.8065887829 0.9907643863
 830 0.8062559072 0.9907391592
 831 0.8059228028 0.9907138670
 832 0.8055894697 0.9906885088
 833 0.8052559078 0.9906630842
 834 0.8049221172 0.9906375927
 835 0.8045880978 0.9906120342
 836 0.8042538497 0.9905864085
 837 0.8039193728 0.9905607153
 838 0.8035846672 0.9905349544
 839 0.8032497328 0.9905091256
 840 0.8029145697 0.9904832289
 841 0.8025791779 0.9904572645
 842 0.8022435573 0.9904312326
 843 0.8019077079 0.9904051333
 844 0.8015716298 0.9903789669
 845 0.8012353230 0.9903527336
 846 0.8008987874 0.9903264335
 847 0.8005620231 0.9903000667
 848 0.8002250301 0.9902736332
 849 0.7998878083 0.9902471331
 850 0.7995503577 0.9902205665
 851 0.7992126784 0.9901939335
 852 0.7988747704 0.9901672341
 853 0.7985366336 0.9901404684
 854 0.7981982681 0.9901136366
 855 0.7978596738 0.9900867387
 856 0.7975208508 0.9900597749
 857 0.7971817990 0.9900327451
 858 0.7968425185 0.9900056496
 859 0.7965030093 0.9899784884
 860 0.7961632713 0.9899512615
 861 0.7958233045 0.9899239691
 862 0.7954831090 0.9898966112
 863 0.7951426848 0.9898691879
 864 0.7948020318 0.9898416992
 865 0.7944611501 0.9898141453
 866 0.7941200396 0.9897865261
 867 0.7937787004 0.9897588418
 868 0.7934371325 0.9897310924
 869 0.7930953358 0.9897032779
 870 0.7927533103 0.9896753984
 871 0.7924110562 0.9896474540
 872 0.7920685732 0.9896194445
 873 0.7917258615 0.9895913699
 874 0.7913829211 0.9895632303
 875 0.7910397520 0.9895350256
 876 0.7906963541 0.9895067556
 877 0.7903527274 0.9894784204
 878 0.7900088720 0.9894500196
 879 0.7896647879 0.9894215531
 880 0.7893204750 0.9893930207
 881 0.7889759333 0.9893644223
 882 0.7886311630 0.9893357575
 883 0.7882861638 0.9893070262
 884 0.7879409360 0.9892782280
 885 0.7875954794 0.9892493626
 886 0.7872497940 0.9892204298
 887 0.7869038799 0.9891914291
 888 0.7865577371 0.9891623602
 889 0.7862113655 0.9891332225
 890 0.7858647651 0.9891040154
 891 0.7855179361 0.9890747384
 892 0.7851708782 0.9890453909
 893 0.7848235917 0.9890159725
 894 0.7844760763 0.9889864826
 895 0.7841283323 0.9889569212
 896 0.7837803595 0.9889272878
 897 0.7834321579 0.9888975821
 898 0.7830837277 0.9888678038
 899 0.7827350686 0.9888379527
 900 0.7823861808 0.9888080289
 901 0.7820370643 0.9887780321
 902 0.7816877190 0.9887479624
 903 0.7813381450 0.9887178198
 904 0.7809883423 0.9886876041
 905 0.7806383108 0.9886573152
 906 0.7802880505 0.9886269528
 907 0.7799375615 0.9885965168
 908 0.7795868438 0.9885660070
 909 0.7792358973 0.9885354230
 910 0.7788847221 0.9885047647
 911 0.7785333181 0.9884740318
 912 0.7781816854 0.9884432240
 913 0.7778298239 0.9884123412
 914 0.7774777337 0.9883813830
 915 0.7771254148 0.9883503492
 916 0.7767728671 0.9883192394
 917 0.7764200906 0.9882880534
 918 0.7760670855 0.9882567908
 919 0.7757138515 0.9882254513
 920 0.7753603889 0.9881940346
 921 0.7750066974 0.9881625403
 922 0.7746527773 0.9881309681
 923 0.7742986284 0.9880993177
 924 0.7739442507 0.9880675886
 925 0.7735896443 0.9880357806
 926 0.7732348092 0.9880038932
 927 0.7728797453 0.9879719261
 928 0.7725244527 0.9879398789
 929 0.7721689313 0.9879077512
 930 0.7718131812 0.9878755426
 931 0.7714572023 0.9878432528
 932 0.7711009947 0.9878108813
 933 0.7707445584 0.9877784277
 934 0.7703878933 0.9877458917
 935 0.7700309994 0.9877132728
 936 0.7696738768 0.9876805706
 937 0.7693165255 0.9876477847
 938 0.7689589454 0.9876149147
 939 0.7686011366 0.9875819601
 940 0.7682430991 0.9875489206
 941 0.7678848327 0.9875157957
 942 0.7675263377 0.9874825849
 943 0.7671676139 0.9874492879
 944 0.7668086614 0.9874159043
 945 0.7664494801 0.9873824334
 946 0.7660900700 0.9873488750
 947 0.7657304313 0.9873152286
 948 0.7653705637 0.9872814936
 949 0.7650104675 0.9872476697
 950 0.7646501425 0.9872137562
 951 0.7642895887 0.9871797529
 952 0.7639288062 0.9871456592
 953 0.7635677950 0.9871114746
 954 0.7632065550 0.9870771989
 955 0.7628450862 0.9870428314
 956 0.7624833888 0.9870083720
 957 0.7621214625 0.9869738208
 958 0.7617593076 0.9869391778
 959 0.7613969239 0.9869044431
 960 0.7610343114 0.9868696170
 961 0.7606714702 0.9868346994
 962 0.7603084003 0.9867996904
 963 0.7599451016 0.9867645900
 964 0.7595815741 0.9867293983
 965 0.7592178180 0.9866941152
 966 0.7588538330 0.9866587408
 967 0.7584896194 0.9866232750
 968 0.7581251770 0.9865877178
 969 0.7577605058 0.9865520692
 970 0.7573956059 0.9865163290
 971 0.7570304773 0.9864804972
 972 0.7566651199 0.9864445737
 973 0.7562995337 0.9864085583
 974 0.7559337188 0.9863724510
 975 0.7555676752 0.9863362517
 976 0.7552014028 0.9862999601
 977 0.7548349017 0.9862635762
 978 0.7544681719 0.9862270997
 979 0.7541012133 0.9861905304
 980 0.7537340259 0.9861538683
 981 0.7533666098 0.9861171130
 982 0.7529989650 0.9860802643
 983 0.7526310914 0.9860433221
 984 0.7522629891 0.9860062859
 985 0.7518946580 0.9859691557
 986 0.7515260982 0.9859319311
 987 0.7511573096 0.9858946118
 988 0.7507882923 0.9858571977
 989 0.7504190463 0.9858196883
 990 0.7500495715 0.9857820834
 991 0.7496798680 0.9857443826
 992 0.7493099357 0.9857065857
 993 0.7489397746 0.9856686921
 994 0.7485693849 0.9856307017
 995 0.7481987664 0.9855926141
 996 0.7478279191 0.9855544288
 997 0.7474568431 0.9855161456
 998 0.7470855383 0.9854777639
 999 0.7467140048 0.9854392835
1000 0.7463422426 0.9854007039
1001 0.7459702516 0.9853620248
1002 0.7455980319 0.9853232455
1003 0.7452255834 0.9852843658
1004 0.7448529062 0.9852453852
1005 0.7444800002 0.9852063032
1006 0.7441068655 0.9851671193
1007 0.7437335021 0.9851278332
1008 0.7433599099 0.9850884442
1009 0.7429860889 0.9850489520
1010 0.7426120392 0.9850093559
1011 0.7422377608 0.9849696554
1012 0.7418632536 0.9849298502
1013 0.7414885177 0.9848899395
1014 0.7411135531 0.9848499231
1015 0.7407383596 0.9848098003
1016 0.7403629375 0.9847695711
1017 0.7399872866 0.9847292353
1018 0.7396114070 0.9846887930
1019 0.7392352986 0.9846482439
1020 0.7388589614 0.9846075879
1021 0.7384823956 0.9845668250
1022 0.7381056009 0.9845259548
1023 0.7377285776 0.9844849771
1024 0.7373513255 0.9844438919
1025 0.7369738446 0.9844026988
1026 0.7365961350 0.9843613976
1027 0.7362181967 0.9843199880
1028 0.7358400296 0.9842784698
1029 0.7354616337 0.9842368427
1030 0.7350830092 0.9841951063
1031 0.7347041558 0.9841532604
1032 0.7343250738 0.9841113045
1033 0.7339457630 0.9840692383
1034 0.7335662234 0.9840270615
1035 0.7331864551 0.9839847737
1036 0.7328064581 0.9839423744
1037 0.7324262323 0.9838998635
1038 0.7320457777 0.9838572404
1039 0.7316650945 0.9838145047
1040 0.7312841824 0.9837716562
1041 0.7309030417 0.9837286942
1042 0.7305216722 0.9836856184
1043 0.7301400739 0.9836424282
1044 0.7297582469 0.9835991233
1045 0.7293761911 0.9835557031
1046 0.7289939067 0.9835121671
1047 0.7286113934 0.9834685147
1048 0.7282286514 0.9834247454
1049 0.7278456807 0.9833808586
1050 0.7274624812 0.9833368538
1051 0.7270790530 0.9832927302
1052 0.7266953961 0.9832484874
1053 0.7263115104 0.9832041247
1054 0.7259273959 0.9831596413
1055 0.7255430527 0.9831150367
1056 0.7251584808 0.9830703101
1057 0.7247736801 0.9830254609
1058 0.7243886507 0.9829804883
1059 0.7240033925 0.9829353916
1060 0.7236179056 0.9828901701
1061 0.7232321899 0.9828448230
1062 0.7228462455 0.9827993495
1063 0.7224600724 0.9827537488
1064 0.7220736705 0.9827080202
1065 0.7216870398 0.9826621627
1066 0.7213001805 0.9826161755
1067 0.7209130923 0.9825700578
1068 0.7205257755 0.9825238088
1069 0.7201382298 0.9824774274
1070 0.7197504555 0.9824309129
1071 0.7193624524 0.9823842643
1072 0.7189742205 0.9823374809
1073 0.7185857599 0.9822905619
1074 0.7181970706 0.9822435064
1075 0.7178081525 0.9821963140
1076 0.7174190057 0.9821489843
1077 0.7170296301 0.9821015170
1078 0.7166400258 0.9820539119
1079 0.7162501927 0.9820061686
1080 0.7158601309 0.9819582868
1081 0.7154698404 0.9819102659
1082 0.7150793211 0.9818621058
1083 0.7146885730 0.9818138059
1084 0.7142975962 0.9817653661
1085 0.7139063907 0.9817167859
1086 0.7135149564 0.9816680650
1087 0.7131232934 0.9816192032
1088 0.7127314016 0.9815702001
1089 0.7123392811 0.9815210554
1090 0.7119469319 0.9814717689
1091 0.7115543539 0.9814223401
1092 0.7111615471 0.9813727688
1093 0.7107685117 0.9813230548
1094 0.7103752474 0.9812731977
1095 0.7099817544 0.9812231972
1096 0.7095880327 0.9811730532
1097 0.7091940823 0.9811227653
1098 0.7087999030 0.9810723332
1099 0.7084054951 0.9810217567
1100 0.7080108584 0.9809710355
1101 0.7076159929 0.9809201694
1102 0.7072208988 0.9808691581
1103 0.7068255758 0.9808180013
1104 0.7064300241 0.9807666989
1105 0.7060342437 0.9807152504
1106 0.7056382346 0.9806636557
1107 0.7052419966 0.9806119145
1108 0.7048455300 0.9805600264
1109 0.7044488346 0.9805079913
1110 0.7040519104 0.9804558089
1111 0.7036547576 0.9804034789
1112 0.7032573759 0.9803510010
1113 0.7028597655 0.9802983749
1114 0.7024619264 0.9802456003
1115 0.7020638585 0.9801926769
1116 0.7016655619 0.9801396042
1117 0.7012670366 0.9800863819
1118 0.7008682825 0.9800330095
1119 0.7004692996 0.9799794866
1120 0.7000700880 0.9799258127
1121 0.6996706477 0.9798719874
1122 0.6992709786 0.9798180101
1123 0.6988710808 0.9797638803
1124 0.6984709542 0.9797095976
1125 0.6980705989 0.9796551612
1126 0.6976700148 0.9796005707
1127 0.6972692020 0.9795458256
1128 0.6968681605 0.9794909250
1129 0.6964668902 0.9794358685
1130 0.6960653912 0.9793806553
1131 0.6956636634 0.9793252848
1132 0.6952617069 0.9792697564
1133 0.6948595216 0.9792140691
1134 0.6944571076 0.9791582225
1135 0.6940544648 0.9791022156
1136 0.6936515933 0.9790460478
1137 0.6932484931 0.9789897182
1138 0.6928451641 0.9789332261
1139 0.6924416063 0.9788765709
1140 0.6920378198 0.9788197516
1141 0.6916338046 0.9787627676
1142 0.6912295606 0.9787056180
1143 0.6908250879 0.9786483020
1144 0.6904203865 0.9785908189
1145 0.6900154563 0.9785331678
1146 0.6896102973 0.9784753478
1147 0.6892049096 0.9784173582
1148 0.6887992932 0.9783591982
1149 0.6883934480 0.9783008670
1150 0.6879873740 0.9782423636
1151 0.6875810714 0.9781836872
1152 0.6871745400 0.9781248370
1153 0.6867677798 0.9780658122
1154 0.6863607909 0.9780066119
1155 0.6859535732 0.9779472352
1156 0.6855461268 0.9778876813
1157 0.6851384517 0.9778279492
1158 0.6847305478 0.9777680381
1159 0.6843224152 0.9777079471
1160 0.6839140538 0.9776476754
1161 0.6835054637 0.9775872220
1162 0.6830966448 0.9775265861
1163 0.6826875972 0.9774657667
1164 0.6822783209 0.9774047629
1165 0.6818688158 0.9773435739
1166 0.6814590819 0.9772821986
1167 0.6810491193 0.9772206363
1168 0.6806389280 0.9771588860
1169 0.6802285079 0.9770969467
1170 0.6798178591 0.9770348175
1171 0.6794069815 0.9769724975
1172 0.6789958752 0.9769099858
1173 0.6785845402 0.9768472813
1174 0.6781729764 0.9767843832
1175 0.6777611838 0.9767212906
1176 0.6773491625 0.9766580024
1177 0.6769369125 0.9765945177
1178 0.6765244337 0.9765308356
1179 0.6761117262 0.9764669550
1180 0.6756987899 0.9764028751
1181 0.6752856249 0.9763385948
1182 0.6748722312 0.9762741132
1183 0.6744586087 0.9762094293
1184 0.6740447574 0.9761445423
1185 0.6736306774 0.9760794510
1186 0.6732163687 0.9760141546
1187 0.6728018312 0.9759486519
1188 0.6723870650 0.9758829420
1189 0.6719720700 0.9758170238
1190 0.6715568463 0.9757508963
1191 0.6711413938 0.9756845582
1192 0.6707257126 0.9756180087
1193 0.6703098027 0.9755512466
1194 0.6698936640 0.9754842708
1195 0.6694772966 0.9754170803
1196 0.6690607004 0.9753496741
1197 0.6686438755 0.9752820512
1198 0.6682268218 0.9752142105
1199 0.6678095394 0.9751461511
1200 0.6673920282 0.9750778720
1201 0.6669742883 0.9750093722
1202 0.6665563197 0.9749406508
1203 0.6661381223 0.9748717070
1204 0.6657196961 0.9748025398
1205 0.6653010412 0.9747331481
1206 0.6648821576 0.9746635311
1207 0.6644630452 0.9745936878
1208 0.6640437041 0.9745236173
1209 0.6636241343 0.9744533188
1210 0.6632043357 0.9743827914
1211 0.6627843083 0.9743120340
1212 0.6623640522 0.9742410458
1213 0.6619435674 0.9741698258
1214 0.6615228538 0.9740983733
1215 0.6611019115 0.9740266872
1216 0.6606807404 0.9739547667
1217 0.6602593406 0.9738826108
1218 0.6598377120 0.9738102186
1219 0.6594158547 0.9737375892
1220 0.6589937687 0.9736647218
1221 0.6585714539 0.9735916153
1222 0.6581489103 0.9735182688
1223 0.6577261380 0.9734446814
1224 0.6573031370 0.9733708520
1225 0.6568799072 0.9732967799
1226 0.6564564487 0.9732224639
1227 0.6560327615 0.9731479032
1228 0.6556088454 0.9730730967
1229 0.6551847007 0.9729980435
1230 0.6547603272 0.9729227426
1231 0.6543357250 0.9728471928
1232 0.6539108940 0.9727713932
1233 0.6534858342 0.9726953428
1234 0.6530605458 0.9726190406
1235 0.6526350285 0.9725424854
1236 0.6522092826 0.9724656762
1237 0.6517833079 0.9723886117
1238 0.6513571044 0.9723112910
1239 0.6509306722 0.9722337129
1240 0.6505040113 0.9721558763
1241 0.6500771216 0.9720777803
1242 0.6496500031 0.9719994235
1243 0.6492226560 0.9719208044
1244 0.6487950801 0.9718419215
1245 0.6483672754 0.9717627732
1246 0.6479392420 0.9716833578
1247 0.6475109798 0.9716036737
1248 0.6470824889 0.9715237190
1249 0.6466537693 0.9714434921
1250 0.6462248209 0.9713629913
1251 0.6457956438 0.9712822147
1252 0.6453662379 0.9712011608
1253 0.6449366032 0.9711198278
1254 0.6445067399 0.9710382141
1255 0.6440766478 0.9709563181
1256 0.6436463269 0.9708741380
1257 0.6432157773 0.9707916722
1258 0.6427849990 0.9707089190
1259 0.6423539919 0.9706258768
1260 0.6419227560 0.9705425441
1261 0.6414912915 0.9704589190
1262 0.6410595981 0.9703750000
1263 0.6406276761 0.9702907855
1264 0.6401955253 0.9702062738
1265 0.6397631457 0.9701214635
1266 0.6393305374 0.9700363528
1267 0.6388977003 0.9699509401
1268 0.6384646346 0.9698652240
1269 0.6380313400 0.9697792027
1270 0.6375978167 0.9696928748
1271 0.6371640647 0.9696062386
1272 0.6367300839 0.9695192927
1273 0.6362958744 0.9694320353
1274 0.6358614362 0.9693444651
1275 0.6354267692 0.9692565804
1276 0.6349918734 0.9691683799
1277 0.6345567489 0.9690798618
1278 0.6341213957 0.9689910246
1279 0.6336858137 0.9689018669
1280 0.6332500030 0.9688123869
1281 0.6328139635 0.9687225833
1282 0.6323776953 0.9686324545
1283 0.6319411983 0.9685419989
1284 0.6315044726 0.9684512150
1285 0.6310675182 0.9683601013
1286 0.6306303350 0.9682686562
1287 0.6301929230 0.9681768784
1288 0.6297552823 0.9680847664
1289 0.6293174129 0.9679923186
1290 0.6288793147 0.9678995337
1291 0.6284409878 0.9678064101
1292 0.6280024322 0.9677129465
1293 0.6275636478 0.9676191413
1294 0.6271246346 0.9675249931
1295 0.6266853927 0.9674305009
1296 0.6262459221 0.9673356631
1297 0.6258062227 0.9672404781
1298 0.6253662946 0.9671449437
1299 0.6249261377 0.9670490574
1300 0.6244857521 0.9669528169
1301 0.6240451377 0.9668562197
1302 0.6236042946 0.9667592633
1303 0.6231632227 0.9666619452
1304 0.6227219221 0.9665642629
1305 0.6222803928 0.9664662138
1306 0.6218386347 0.9663677954
1307 0.6213966479 0.9662690054
1308 0.6209544323 0.9661698409
1309 0.6205119880 0.9660702997
1310 0.6200693149 0.9659703793
1311 0.6196264131 0.9658700771
1312 0.6191832826 0.9657693905
1313 0.6187399233 0.9656683171
1314 0.6182963352 0.9655668544
1315 0.6178525184 0.9654649997
1316 0.6174084729 0.9653627506
1317 0.6169641986 0.9652601045
1318 0.6165196956 0.9651570588
1319 0.6160749638 0.9650536109
1320 0.6156300033 0.9649497584
1321 0.6151848141 0.9648454987
1322 0.6147393961 0.9647408290
1323 0.6142937493 0.9646357469
1324 0.6138478738 0.9645302496
1325 0.6134017696 0.9644243347
1326 0.6129554366 0.9643179993
1327 0.6125088749 0.9642112410
1328 0.6120620844 0.9641040571
1329 0.6116150652 0.9639964450
1330 0.6111678173 0.9638884019
1331 0.6107203406 0.9637799251
1332 0.6102726351 0.9636710120
1333 0.6098247009 0.9635616598
1334 0.6093765380 0.9634518659
1335 0.6089281463 0.9633416275
1336 0.6084795259 0.9632309420
1337 0.6080306767 0.9631198065
1338 0.6075815988 0.9630082182
1339 0.6071322921 0.9628961746
1340 0.6066827567 0.9627836727
1341 0.6062329926 0.9626707099
1342 0.6057829997 0.9625572832
1343 0.6053327781 0.9624433900
1344 0.6048823277 0.9623290274
1345 0.6044316485 0.9622141927
1346 0.6039807407 0.9620988831
1347 0.6035296041 0.9619830957
1348 0.6030782387 0.9618668277
1349 0.6026266446 0.9617500764
1350 0.6021748217 0.9616328386
1351 0.6017227702 0.9615151112
1352 0.6012704898 0.9613968905
1353 0.6008179807 0.9612781732
1354 0.6003652429 0.9611589557
1355 0.5999122763 0.9610392347
1356 0.5994590810 0.9609190068
1357 0.5990056570 0.9607982687
1358 0.5985520042 0.9606770170
1359 0.5980981226 0.9605552483
1360 0.5976440123 0.9604329593
1361 0.5971896733 0.9603101468
1362 0.5967351055 0.9601868074
1363 0.5962803090 0.9600629378
1364 0.5958252837 0.9599385347
1365 0.5953700297 0.9598135949
1366 0.5949145469 0.9596881151
1367 0.5944588354 0.9595620921
1368 0.5940028951 0.9594355226
1369 0.5935467261 0.9593084035
1370 0.5930903284 0.9591807315
1371 0.5926337019 0.9590525034
1372 0.5921768467 0.9589237159
1373 0.5917197627 0.9587943659
1374 0.5912624500 0.9586644500
1375 0.5908049085 0.9585339652
1376 0.5903471383 0.9584029084
1377 0.5898891394 0.9582712762
1378 0.5894309117 0.9581390653
1379 0.5889724552 0.9580062726
1380 0.5885137700 0.9578728950
1381 0.5880548561 0.9577389291
1382 0.5875957134 0.9576043717
1383 0.5871363420 0.9574692196
1384 0.5866767419 0.9573334695
1385 0.5862169129 0.9571971182
1386 0.5857568553 0.9570601624
1387 0.5852965689 0.9569225986
1388 0.5848360537 0.9567844237
1389 0.5843753099 0.9566456342
1390 0.5839143372 0.9565062269
1391 0.5834531358 0.9563661982
1392 0.5829917057 0.9562255448
1393 0.5825300469 0.9560842632
1394 0.5820681592 0.9559423500
1395 0.5816060429 0.9557998016
1396 0.5811436978 0.9556566147
1397 0.5806811239 0.9555127856
1398 0.5802183214 0.9553683105
1399 0.5797552900 0.9552231856
1400 0.5792920299 0.9550774071
1401 0.5788285411 0.9549309706
1402 0.5783648236 0.9547838713
1403 0.5779008772 0.9546361040
1404 0.5774367022 0.9544876633
1405 0.5769722984 0.9543385438
1406 0.5765076658 0.9541887403
1407 0.5760428045 0.9540382474
1408 0.5755777145 0.9538870596
1409 0.5751123957 0.9537351714
1410 0.5746468482 0.9535825774
1411 0.5741810719 0.9534292720
1412 0.5737150669 0.9532752493
1413 0.5732488332 0.9531205037
1414 0.5727823707 0.9529650296
1415 0.5723156794 0.9528088210
1416 0.5718487594 0.9526518720
1417 0.5713816107 0.9524941769
1418 0.5709142332 0.9523357297
1419 0.5704466270 0.9521765245
1420 0.5699787920 0.9520165553
1421 0.5695107283 0.9518558159
1422 0.5690424358 0.9516943005
1423 0.5685739146 0.9515320030
1424 0.5681051647 0.9513689173
1425 0.5676361860 0.9512050373
1426 0.5671669785 0.9510403569
1427 0.5666975424 0.9508748699
1428 0.5662278774 0.9507085703
1429 0.5657579838 0.9505414521
1430 0.5652878613 0.9503735090
1431 0.5648175102 0.9502047351
1432 0.5643469303 0.9500351242
1433 0.5638761216 0.9498646704
1434 0.5634050842 0.9496933678
1435 0.5629338181 0.9495212102
1436 0.5624623232 0.9493481918
1437 0.5619905996 0.9491743068
1438 0.5615186472 0.9489995492
1439 0.5610464661 0.9488239135
1440 0.5605740562 0.9486473940
1441 0.5601014176 0.9484699856
1442 0.5596285503 0.9482916829
1443 0.5591554542 0.9481124808
1444 0.5586821293 0.9479323749
1445 0.5582085757 0.9477513607
1446 0.5577347934 0.9475694336
1447 0.5572607823 0.9473865886
1448 0.5567865425 0.9472028208
1449 0.5563120740 0.9470181253
1450 0.5558373766 0.9468324964
1451 0.5553624506 0.9466459280
1452 0.5548872958 0.9464584134
1453 0.5544119122 0.9462699457
1454 0.5539363000 0.9460805183
1455 0.5534604589 0.9458901245
1456 0.5529843892 0.9456987577
1457 0.5525080906 0.9455064114
1458 0.5520315634 0.9453130783
1459 0.5515548074 0.9451187516
1460 0.5510778226 0.9449234243
1461 0.5506006091 0.9447270892
1462 0.5501231669 0.9445297388
1463 0.5496454959 0.9443313659
1464 0.5491675961 0.9441319629
1465 0.5486894677 0.9439315220
1466 0.5482111104 0.9437300354
1467 0.5477325245 0.9435274952
1468 0.5472537098 0.9433238934
1469 0.5467746663 0.9431192216
1470 0.5462953941 0.9429134714
1471 0.5458158932 0.9427066342
1472 0.5453361635 0.9424987013
1473 0.5448562050 0.9422896637
1474 0.5443760179 0.9420795125
1475 0.5438956019 0.9418682384
1476 0.5434149573 0.9416558319
1477 0.5429340839 0.9414422835
1478 0.5424529817 0.9412275833
1479 0.5419716508 0.9410117216
1480 0.5414900911 0.9407946881
1481 0.5410083028 0.9405764725
1482 0.5405262856 0.9403570646
1483 0.5400440397 0.9401364535
1484 0.5395615651 0.9399146285
1485 0.5390788617 0.9396915784
1486 0.5385959296 0.9394672923
1487 0.5381127688 0.9392417588
1488 0.5376293792 0.9390149667
1489 0.5371457608 0.9387869045
1490 0.5366619137 0.9385575604
1491 0.5361778379 0.9383269218
1492 0.5356935333 0.9380949759
1493 0.5352090000 0.9378617105
1494 0.5347242379 0.9376271155
1495 0.5342392471 0.9373911825
1496 0.5337540275 0.9371539024
1497 0.5332685792 0.9369152677
1498 0.5327829022 0.9366752724
1499 0.5322969964 0.9364339110
1500 0.5318108619 0.9361911776
1501 0.5313244986 0.9359470659
1502 0.5308379065 0.9357015690
1503 0.5303510858 0.9354546804
1504 0.5298640363 0.9352063935
1505 0.5293767580 0.9349567014
1506 0.5288892510 0.9347055976
1507 0.5284015152 0.9344530753
1508 0.5279135507 0.9341991277
1509 0.5274253575 0.9339437476
1510 0.5269369355 0.9336869283
1511 0.5264482848 0.9334286626
1512 0.5259594053 0.9331689434
1513 0.5254702971 0.9329077634
1514 0.5249809601 0.9326451154
1515 0.5244913944 0.9323809919
1516 0.5240016000 0.9321153855
1517 0.5235115768 0.9318482886
1518 0.5230213248 0.9315796937
1519 0.5225308441 0.9313095928
1520 0.5220401347 0.9310379781
1521 0.5215491965 0.9307648418
1522 0.5210580296 0.9304901753
1523 0.5205666340 0.9302139705
1524 0.5200750095 0.9299362187
1525 0.5195831564 0.9296569112
1526 0.5190910745 0.9293760387
1527 0.5185987639 0.9290935923
1528 0.5181062245 0.9288095624
1529 0.5176134563 0.9285239391
1530 0.5171204595 0.9282367127
1531 0.5166272338 0.9279478731
1532 0.5161337795 0.9276574094
1533 0.5156400964 0.9273653106
1534 0.5151461845 0.9270715654
1535 0.5146520439 0.9267761632
1536 0.5141576746 0.9264790933
1537 0.5136630765 0.9261803448
1538 0.5131682496 0.9258799033
1539 0.5126731941 0.9255777482
1540 0.5121779097 0.9252738582
1541 0.5116823967 0.9249682111
1542 0.5111866549 0.9246607839
1543 0.5106906843 0.9243515523
1544 0.5101944850 0.9240404921
1545 0.5096980570 0.9237275800
1546 0.5092014002 0.9234127937
1547 0.5087045146 0.9230961101
1548 0.5082074004 0.9227775067
1549 0.5077100573 0.9224569610
1550 0.5072124856 0.9221344506
1551 0.5067146851 0.9218099529
1552 0.5062166558 0.9214834458
1553 0.5057183978 0.9211549075
1554 0.5052199110 0.9208243155
1555 0.5047211956 0.9204916482
1556 0.5042222513 0.9201568838
1557 0.5037230783 0.9198200006
1558 0.5032236766 0.9194809767
1559 0.5027240461 0.9191397908
1560 0.5022241869 0.9187964215
1561 0.5017240990 0.9184508470
1562 0.5012237823 0.9181030464
1563 0.5007232368 0.9177529983
1564 0.5002224626 0.9174006816
1565 0.4997214597 0.9170460751
1566 0.4992202280 0.9166891577
1567 0.4987187676 0.9163299083
1568 0.4982170784 0.9159683064
1569 0.4977151605 0.9156043316
1570 0.4972130138 0.9152379637
1571 0.4967106384 0.9148691815
1572 0.4962080343 0.9144979630
1573 0.4957052014 0.9141242858
1574 0.4952021397 0.9137481298
1575 0.4946988494 0.9133694816
1576 0.4941953302 0.9129883279
1577 0.4936915824 0.9126046505
1578 0.4931876057 0.9122184090
1579 0.4926834004 0.9118295556
1580 0.4921789663 0.9114380547
1581 0.4916743034 0.9110439646
1582 0.4911694118 0.9106473877
1583 0.4906642915 0.9102484116
1584 0.4901589424 0.9098468475
1585 0.4896533646 0.9094423067
1586 0.4891475580 0.9090344100
1587 0.4886415227 0.9086236647
1588 0.4881352586 0.9082115364
1589 0.4876287658 0.9077995161
1590 0.4871220443 0.9073864523
1591 0.4866150940 0.9069670941
1592 0.4861079149 0.9065350891
1593 0.4856005071 0.9060920528
1594 0.4850928706 0.9056597961
1595 0.4845850053 0.9052571685
1596 0.4840769113 0.9048851790
1597 0.4835685885 0.9045220428
1598 0.4830600370 0.9041458160
1599 0.4825512568 0.9037259485
1600 0.4820422478 0.9032378969
1601 0.4815330100 0.9027041767
1602 0.4810235436 0.9021783072
1603 0.4805138483 0.9016707876
1604 0.4800039243 0.9011666462
1605 0.4794937716 0.9006546373
1606 0.4789833902 0.9001347487
1607 0.4784727800 0.8996106956
1608 0.4779619410 0.8990850291
1609 0.4774508733 0.8985571645
1610 0.4769395769 0.8980260463
1611 0.4764280517 0.8974911592
1612 0.4759162977 0.8969526985
1613 0.4754043151 0.8964108991
1614 0.4748921036 0.8958657988
1615 0.4743796635 0.8953172934
1616 0.4738669946 0.8947652841
1617 0.4733540969 0.8942097357
1618 0.4728409705 0.8936506373
1619 0.4723276153 0.8930879734
1620 0.4718140315 0.8925217120
1621 0.4713002188 0.8919518172
1622 0.4707861774 0.8913782560
1623 0.4702719073 0.8908010010
1624 0.4697574085 0.8902200248
1625 0.4692426808 0.8896353000
1626 0.4687277245 0.8890467984
1627 0.4682125394 0.8884544922
1628 0.4676971255 0.8878583568
1629 0.4671814829 0.8872583693
1630 0.4666656116 0.8866545034
1631 0.4661495115 0.8860467175
1632 0.4656331827 0.8854349654
1633 0.4651166251 0.8848192084
1634 0.4645998388 0.8841994282
1635 0.4640828238 0.8835756092
1636 0.4635655800 0.8829477360
1637 0.4630481074 0.8823157935
1638 0.4625304061 0.8816797661
1639 0.4620124761 0.8810396411
1640 0.4614943173 0.8803954072
1641 0.4609759298 0.8797470539
1642 0.4604573135 0.8790945726
1643 0.4599384685 0.8784379558
1644 0.4594193947 0.8777771968
1645 0.4589000922 0.8771122899
1646 0.4583805610 0.8764432304
1647 0.4578608010 0.8757700158
1648 0.4573408122 0.8750926484
1649 0.4568205947 0.8744111310
1650 0.4563001485 0.8737254603
1651 0.4557794735 0.8730356251
1652 0.4552585698 0.8723416182
1653 0.4547374374 0.8716434712
1654 0.4542160762 0.8709412411
1655 0.4536944862 0.8702350275
1656 0.4531726675 0.8695251539
1657 0.4526506201 0.8688120249
1658 0.4521283439 0.8680959921
1659 0.4516058390 0.8673772358
1660 0.4510831053 0.8666559061
1661 0.4505601429 0.8659321790
1662 0.4500369517 0.8652062763
1663 0.4495135318 0.8644784238
1664 0.4489898831 0.8637488434
1665 0.4484660057 0.8630177524
1666 0.4479418996 0.8622853663
1667 0.4474175647 0.8615519044
1668 0.4468930011 0.8608175875
1669 0.4463682087 0.8600826340
1670 0.4458431876 0.8593472681
1671 0.4453179377 0.8586117154
1672 0.4447924591 0.8578761943
1673 0.4442667518 0.8571409041
1674 0.4437408157 0.8564060315
1675 0.4432146508 0.8556717656
1676 0.4426882572 0.8549383646
1677 0.4421616349 0.8542061151
1678 0.4416347838 0.8534752690
1679 0.4411077040 0.8527458304
1680 0.4405803954 0.8520176650
1681 0.4400528581 0.8512906378
1682 0.4395250921 0.8505645411
1683 0.4389970973 0.8498391128
1684 0.4384688737 0.8491140997
1685 0.4379404214 0.8483893172
1686 0.4374117404 0.8476646648
1687 0.4368828306 0.8469400492
1688 0.4363536921 0.8462153710
1689 0.4358243248 0.8454905109
1690 0.4352947288 0.8447653492
1691 0.4347649041 0.8440397690
1692 0.4342348506 0.8433136589
1693 0.4337045683 0.8425869103
1694 0.4331740573 0.8418594165
1695 0.4326433176 0.8411310762
1696 0.4321123491 0.8404017926
1697 0.4315811519 0.8396714696
1698 0.4310497259 0.8389400031
1699 0.4305180712 0.8382072704
1700 0.4299861878 0.8374731466
1701 0.4294540756 0.8367375187
1702 0.4289217346 0.8360003530
1703 0.4283891649 0.8352616490
1704 0.4278563665 0.8345214006
1705 0.4273233393 0.8337793985
1706 0.4267900834 0.8330351742
1707 0.4262565987 0.8322882383
1708 0.4257228853 0.8315381513
1709 0.4251889431 0.8307847099
1710 0.4246547722 0.8300277726
1711 0.4241203726 0.8292671989
1712 0.4235857442 0.8285029278
1713 0.4230508870 0.8277349711
1714 0.4225158012 0.8269633440
1715 0.4219804865 0.8261880509
1716 0.4214449432 0.8254090655
1717 0.4209091710 0.8246263558
1718 0.4203731702 0.8238398900
1719 0.4198369406 0.8230496429
1720 0.4193004822 0.8222555930
1721 0.4187637951 0.8214577191
1722 0.4182268793 0.8206559930
1723 0.4176897347 0.8198503752
1724 0.4171523614 0.8190408241
1725 0.4166147593 0.8182273021
1726 0.4160769285 0.8174097939
1727 0.4155388689 0.8165882922
1728 0.4150005806 0.8157627865
1729 0.4144620636 0.8149331921
1730 0.4139233178 0.8140993501
1731 0.4133843432 0.8132610949
1732 0.4128451400 0.8124183924
1733 0.4123057079 0.8115715754
1734 0.4117660471 0.8107210484
1735 0.4112261576 0.8098672338
1736 0.4106860394 0.8090106248
1737 0.4101456924 0.8081517520
1738 0.4096051166 0.8072911438
1739 0.4090643121 0.8064290605
1740 0.4085232789 0.8055654045
1741 0.4079820169 0.8047000535
1742 0.4074405262 0.8038329139
1743 0.4068988067 0.8029640096
1744 0.4063568585 0.8020933953
1745 0.4058146815 0.8012211240
1746 0.4052722758 0.8003472268
1747 0.4047296413 0.7994717154
1748 0.4041867781 0.7985946015
1749 0.4036436862 0.7977159001
1750 0.4031003655 0.7968356363
1751 0.4025568161 0.7959538367
1752 0.4020130379 0.7950705282
1753 0.4014690310 0.7941857372
1754 0.4009247953 0.7932994903
1755 0.4003803309 0.7924118140
1756 0.3998356377 0.7915227361
1757 0.3992907158 0.7906322884
1758 0.3987455652 0.7897405027
1759 0.3982001858 0.7888474109
1760 0.3976545777 0.7879530441
1761 0.3971087408 0.7870574328
1762 0.3965626752 0.7861606072
1763 0.3960163808 0.7852626020
1764 0.3954698577 0.7843634665
1765 0.3949231058 0.7834632524
1766 0.3943761252 0.7825620103
1767 0.3938289159 0.7816597617
1768 0.3932814778 0.7807564990
1769 0.3927338110 0.7798522122
1770 0.3921859154 0.7789469196
1771 0.3916377911 0.7780407964
1772 0.3910894380 0.7771340750
1773 0.3905408562 0.7762269838
1774 0.3899920456 0.7753194637
1775 0.3894430063 0.7744108633
1776 0.3888937383 0.7735004589
1777 0.3883442415 0.7725875365
1778 0.3877945159 0.7716716289
1779 0.3872445617 0.7707524896
1780 0.3866943786 0.7698298748
1781 0.3861439669 0.7689035620
1782 0.3855933263 0.7679734854
1783 0.3850424571 0.7670396404
1784 0.3844913591 0.7661020226
1785 0.3839400323 0.7651606095
1786 0.3833884768 0.7642153334
1787 0.3828366926 0.7632661188
1788 0.3822846796 0.7623128888
1789 0.3817324379 0.7613555736
1790 0.3811799674 0.7603941104
1791 0.3806272682 0.7594284355
1792 0.3800743402 0.7584584833
1793 0.3795211835 0.7574841823
1794 0.3789677981 0.7565054580
1795 0.3784141839 0.7555222343
1796 0.3778603410 0.7545344332
1797 0.3773062693 0.7535419745
1798 0.3767519688 0.7525447766
1799 0.3761974397 0.7515427556
1800 0.3756426817 0.7505358240
1801 0.3750876951 0.7495238904
1802 0.3745324797 0.7485068614
1803 0.3739770355 0.7474846409
1804 0.3734213626 0.7464571292
1805 0.3728654610 0.7454242234
1806 0.3723093306 0.7443858180
1807 0.3717529715 0.7433418004
1808 0.3711963836 0.7422920478
1809 0.3706395670 0.7412364338
1810 0.3700825216 0.7401748211
1811 0.3695252475 0.7391070135
1812 0.3689677447 0.7380327835
1813 0.3684100131 0.7369518957
1814 0.3678520527 0.7358641489
1815 0.3672938636 0.7347694181
1816 0.3667354458 0.7336675849
1817 0.3661767992 0.7325585258
1818 0.3656179239 0.7314420960
1819 0.3650588198 0.7303181376
1820 0.3644994870 0.7291864874
1821 0.3639399255 0.7280469796
1822 0.3633801352 0.7268994477
1823 0.3628201161 0.7257437203
1824 0.3622598683 0.7245796208
1825 0.3616993918 0.7234069641
1826 0.3611386865 0.7222255585
1827 0.3605777525 0.7210352056
1828 0.3600165897 0.7198357028
1829 0.3594551982 0.7186268427
1830 0.3588935780 0.7174084113
1831 0.3583317290 0.7161801880
1832 0.3577696512 0.7149419486
1833 0.3572073447 0.7136934613
1834 0.3566448095 0.7124344870
1835 0.3560820455 0.7111647787
1836 0.3555190528 0.7098840814
1837 0.3549558313 0.7085921304
1838 0.3543923811 0.7072886351
1839 0.3538287022 0.7059732746
1840 0.3532647945 0.7046457145
1841 0.3527006580 0.7033056612
1842 0.3521362928 0.7019529324
1843 0.3515716989 0.7005873592
1844 0.3510068762 0.6992086399
1845 0.3504418248 0.6978159729
1846 0.3498765446 0.6964083907
1847 0.3493110357 0.6949856882
1848 0.3487452981 0.6935522763
1849 0.3481793317 0.6921143707
1850 0.3476131365 0.6906776170
1851 0.3470467126 0.6892429371
1852 0.3464800600 0.6878091677
1853 0.3459131786 0.6863752035
1854 0.3453460685 0.6849403763
1855 0.3447787296 0.6835043023
1856 0.3442111620 0.6820666027
1857 0.3436433656 0.6806267685
1858 0.3430753405 0.6791841493
1859 0.3425070867 0.6777380899
1860 0.3419386041 0.6762880497
1861 0.3413698927 0.6748337090
1862 0.3408009527 0.6733747709
1863 0.3402317838 0.6719110266
1864 0.3396623863 0.6704426125
1865 0.3390927599 0.6689697514
1866 0.3385229049 0.6674926373
1867 0.3379528211 0.6660112045
1868 0.3373825085 0.6645252548
1869 0.3368119672 0.6630345935
1870 0.3362411972 0.6615391728
1871 0.3356701984 0.6600390983
1872 0.3350989709 0.6585344833
1873 0.3345275146 0.6570253348
1874 0.3339558296 0.6555114249
1875 0.3333839158 0.6539924919
1876 0.3328117733 0.6524682273
1877 0.3322394021 0.6509380897
1878 0.3316668021 0.6494014529
1879 0.3310939733 0.6478576730
1880 0.3305209158 0.6463060279
1881 0.3299476296 0.6447457269
1882 0.3293741146 0.6431759522
1883 0.3288003709 0.6415958612
1884 0.3282263985 0.6400045872
1885 0.3276521972 0.6384012255
1886 0.3270777673 0.6367848348
1887 0.3265031086 0.6351544550
1888 0.3259282212 0.6335090786
1889 0.3253531050 0.6318476413
1890 0.3247777600 0.6301690363
1891 0.3242021864 0.6284720944
1892 0.3236263839 0.6267555684
1893 0.3230503528 0.6250181664
1894 0.3224740929 0.6232585349
1895 0.3218976042 0.6214752145
1896 0.3213208868 0.6196666103
1897 0.3207439407 0.6178309742
1898 0.3201667658 0.6159664098
1899 0.3195893621 0.6140711423
1900 0.3190117298 0.6121435780
1901 0.3184338686 0.6101819630
1902 0.3178557788 0.6081833897
1903 0.3172774602 0.6061436364
1904 0.3166989128 0.6040586473
1905 0.3161201367 0.6019324725
1906 0.3155411319 0.5997753317
1907 0.3149618983 0.5975969215
1908 0.3143824359 0.5953994096
1909 0.3138027449 0.5931828221
1910 0.3132228250 0.5909483792
1911 0.3126426765 0.5886994907
1912 0.3120622992 0.5864397385
1913 0.3114816931 0.5841704026
1914 0.3109008583 0.5818909653
1915 0.3103197948 0.5796009755
1916 0.3097385025 0.5773005878
1917 0.3091569814 0.5749901575
1918 0.3085752317 0.5726699730
1919 0.3079932531 0.5703401684
1920 0.3074110459 0.5680008622
1921 0.3068286098 0.5656522078
1922 0.3062459451 0.5632943953
1923 0.3056630516 0.5609276162
1924 0.3050799293 0.5585520427
1925 0.3044965783 0.5561678391
1926 0.3039129986 0.5537751744
1927 0.3033291901 0.5513742294
1928 0.3027451529 0.5489651896
1929 0.3021608869 0.5465482502
1930 0.3015763922 0.5441236224
1931 0.3009916688 0.5416915213
1932 0.3004067165 0.5392521684
1933 0.2998215356 0.5368057913
1934 0.2992361259 0.5343526207
1935 0.2986504875 0.5318928971
1936 0.2980646203 0.5294268680
1937 0.2974785244 0.5269547836
1938 0.2968921997 0.5244769018
1939 0.2963056463 0.5219934835
1940 0.2957188641 0.5195047959
1941 0.2951318532 0.5170111241
1942 0.2945446136 0.5145127580
1943 0.2939571452 0.5120099802
1944 0.2933694480 0.5095030520
1945 0.2927815221 0.5069922326
1946 0.2921933675 0.5044778411
1947 0.2916049841 0.5019603065
1948 0.2910163720 0.4994400468
1949 0.2904275312 0.4969162780
1950 0.2898384615 0.4943864270
1951 0.2892491632 0.4918478017
1952 0.2886596361 0.4892990083
1953 0.2880698803 0.4867403498
1954 0.2874798957 0.4841722427
1955 0.2868896823 0.4815948827
1956 0.2862992403 0.4790082101
1957 0.2857085694 0.4764121560
1958 0.2851176699 0.4738067214
1959 0.2845265416 0.4711919779
1960 0.2839351845 0.4685680041
1961 0.2833435987 0.4659348648
1962 0.2827517842 0.4632926139
1963 0.2821597409 0.4606413093
1964 0.2815674689 0.4579810202
1965 0.2809749681 0.4553118260
1966 0.2803822386 0.4526338117
1967 0.2797892803 0.4499470672
1968 0.2791960933 0.4472516883
1969 0.2786026775 0.4445477766
1970 0.2780090330 0.4418354415
1971 0.2774151598 0.4391148003
1972 0.2768210578 0.4363859765
1973 0.2762267271 0.4336491025
1974 0.2756321676 0.4309043186
1975 0.2750373794 0.4281517722
1976 0.2744423624 0.4253916190
1977 0.2738471167 0.4226240230
1978 0.2732516422 0.4198491561
1979 0.2726559390 0.4170672047
1980 0.2720600071 0.4142783665
1981 0.2714638464 0.4114828454
1982 0.2708674570 0.4086808420
1983 0.2702708388 0.4058725589
1984 0.2696739919 0.4030582161
1985 0.2690769162 0.4002381037
1986 0.2684796118 0.3974125475
1987 0.2678820786 0.3945818472
1988 0.2672843167 0.3917460963
1989 0.2666863261 0.3889053111
1990 0.2660881067 0.3860597066
1991 0.2654896586 0.3832105857
1992 0.2648909817 0.3803596436
1993 0.2642920760 0.3775084248
1994 0.2636929417 0.3746576544
1995 0.2630935786 0.3718078029
1996 0.2624939867 0.3689593240
1997 0.2618941661 0.3661125747
1998 0.2612941168 0.3632678878
1999 0.2606938387 0.3604256106
2000 0.2600933318 0.3575861408
2001 0.2594925962 0.3547498929
2002 0.2588916319 0.3519172581
2003 0.2582904388 0.3490885127
2004 0.2576890170 0.3462639047
2005 0.2570873665 0.3434436977
2006 0.2564854872 0.3406282115
2007 0.2558833791 0.3378177830
2008 0.2552810423 0.3350127600
2009 0.2546784768 0.3322135253
2010 0.2540756825 0.3294204739
2011 0.2534726595 0.3266339990
2012 0.2528694077 0.3238544777
2013 0.2522659272 0.3210822828
2014 0.2516622179 0.3183177866
2015 0.2510582799 0.3155613558
2016 0.2504541132 0.3128133541
2017 0.2498497177 0.3100741453
2018 0.2492450934 0.3073440901
2019 0.2486402404 0.3046235478
2020 0.2480351587 0.3019128719
2021 0.2474298482 0.2992123829
2022 0.2468243090 0.2965223857
2023 0.2462185411 0.2938432163
2024 0.2456125444 0.2911754989
2025 0.2450063189 0.2885199990
2026 0.2443998647 0.2858774466
2027 0.2437931818 0.2832482941
2028 0.2431862701 0.2806328257
2029 0.2425791297 0.2780313199
2030 0.2419717605 0.2754440753
2031 0.2413641626 0.2728714017
2032 0.2407563359 0.2703136031
2033 0.2401482805 0.2677709851
2034 0.2395399963 0.2652438543
2035 0.2389314834 0.2627325051
2036 0.2383227418 0.2602371387
2037 0.2377137714 0.2577578564
2038 0.2371045723 0.2552947515
2039 0.2364951444 0.2528480043
2040 0.2358854878 0.2504179158
2041 0.2352756024 0.2480047853
2042 0.2346654883 0.2456089074
2043 0.2340551454 0.2432305760
2044 0.2334445738 0.2408700740
2045 0.2328337735 0.2385276694
2046 0.2322227444 0.2362036138
2047 0.2316114866 0.2338981435
2048 0.2310000000 0.2310000000
